1003416639 R 34352385088 64
1003416643 R 34352581696 64
1003416647 R 34352584128 64
1003416672 R 34352977344 64
1003416676 R 34352974912 64
1003416680 R 34352977280 64
1003416684 R 34352974848 64
1003416688 R 34352778304 64
1003416692 R 34352780736 64
1003416696 R 34352778240 64
1003416700 R 34352780672 64
1003416704 R 34353173952 64
1003416708 R 34353171520 64
1003416712 R 34353173888 64
1003416716 R 34353171456 64
1003416780 R 34352780736 64
1003416786 R 34352778304 64
1003416792 R 34352974912 64
1003416796 R 34352977344 64
1003416800 R 34353171520 64
1003416804 R 34353173952 64
1003416821 R 34353370560 64
1003416825 R 34353368128 64
1003416829 R 34353370496 64
1003416833 R 34353368064 64
1003416838 R 34353371200 64
1003416842 R 34353567168 64
1003416846 R 34353371136 64
1003416850 R 34353567104 64
1003416854 R 34353564736 64
1003416858 R 34353761344 64
1003416862 R 34353763776 64
1003416866 R 34353761280 64
1003416870 R 34353763712 64
1003416874 R 34353764416 64
1003416879 R 34353764352 64
1003416903 R 34353564672 64
1003416939 R 34353368128 64
1003416948 R 34353567168 64
1003416954 R 34353370496 64
1003416958 R 34353761344 64
1003416962 R 34353370560 64
1003416966 R 34353763776 64
1003416971 R 34353564736 64
1003416989 R 34353961024 64
1003416995 R 34353960960 64
1003416999 R 34353960384 64
1003417005 R 34353960320 64
1003417009 R 34354353600 64
1003417014 R 34353957952 64
1003417018 R 34354154560 64
1003417023 R 34354154496 64
1003417027 R 34354351168 64
1003417031 R 34354156992 64
1003417040 R 34354157632 64
1003417058 R 34354353536 64
1003417063 R 34353957888 64
1003417076 R 34354351104 64
1003417080 R 34354156928 64
1003417089 R 34354157568 64
1003417115 R 34354154560 64
1003417121 R 34354353600 64
1003417125 R 34353960384 64
1003417129 R 34353957952 64
1003417136 R 34354351168 64
1003417141 R 34354156928 64
1003417146 R 34354156992 64
1003417224 R 34354944064 64
1003417229 R 34354944000 64
1003417244 R 34355140672 64
1003417248 R 34355337280 64
1003417252 R 34355140608 64
1003417256 R 34355337216 64
1003417265 R 34355533248 64
1003417269 R 34355530816 64
1003417273 R 34355533184 64
1003417277 R 34355530752 64
1003417282 R 34355533888 64
1003417287 R 34355533824 64
1003417302 R 34355730496 64
1003417308 R 34355730432 64
1003417316 R 34356123008 64
1003417321 R 34356123648 64
1003417329 R 34356120576 64
1003417334 R 34356319616 64
1003417338 R 34356317184 64
1003417366 R 34356713536 64
1003417371 R 34356713472 64
1003417379 R 34356712896 64
1003417384 R 34356712832 64
1003417388 R 34356710464 64
1003417392 R 34357106112 64
1003417396 R 34356710400 64
1003417425 R 34357303360 64
1003417429 R 34357499904 64
1003417433 R 34357303296 64
1003417456 R 34357893120 64
1003417483 R 34358089728 64
1003417487 R 34358286336 64
1003417784 R 34345113024 64
